%% Define dataset
hidNums = [10 50 100 500 1000 2000];
lrs     = [ 0.005 0.01 0.05 0.1 0.3 0.5 0.7];
lds     = [0.1 0.2];
ps      = [0.0001 0.001];%[0.00001 0.0001 0.001 0.01 0.1];

cs      = [10 50 100 1000];%[0.01 0.05 0.1 0.5 1 2 5 10 50 100];
gs      = [0.01 0.05 0.1] %[0.001 0.01 0.05 0.1 0.5 2 5 10 20 50];%[0.05 0.1];%[0.001 0.01 0.05 0.1 0.5 2 5 10 20 50];
